[StaticCameraInfo]
Name = sedans
TurntableRot = 305.772888
FrontWheelRot = 30.000000
FoV = 32.000000
XEye = 0.000000
XLook = 4.000000
YEye = 1.300000
XRot = 0.000000
Zoom = -4.000000
YRot = 1.399700
AnimTime = 0.000000
Focus = 0.000000