[CameraInfo]
Name = vinyl manufacturer
IsAnim = 0
CarSlotID = 64
TurntableRot = 317.709290
FrontWheelRot = 24.000000
FoV = 32.000000
XEye = 0.000000
XLook = 4.460700
YEye = 1.179800
XRot = -0.060200
Zoom = -4.000000
YRot = 2.405900
AnimTime = 0.000000
Focus = 0.000000