[CameraInfo]
Name = vinyl contest
IsAnim = 0
CarSlotID = 64
TurntableRot = 317.709290
FrontWheelRot = 28.000000
FoV = 36.000000
XEye = 0.099900
XLook = 4.460700
YEye = 1.379700
XRot = -0.060200
Zoom = -4.000000
YRot = 2.405900
AnimTime = 0.000000
Focus = 0.000000