[CameraInfo]
Name = vinyl body
IsAnim = 0
CarSlotID = 64
TurntableRot = 222.511093
FrontWheelRot = 28.000000
FoV = 38.000000
XEye = -0.167100
XLook = 4.460700
YEye = 1.479700
XRot = -0.060200
Zoom = -4.000000
YRot = 2.405900
AnimTime = 0.000000
Focus = 0.000000