[CameraInfo]
Name = vinyl hoods
IsAnim = 0
CarSlotID = 64
TurntableRot = 254.810699
FrontWheelRot = 22.000000
FoV = 28.000000
XEye = -0.296200
XLook = 4.161000
YEye = 1.421600
XRot = 0.000000
Zoom = -4.000000
YRot = 4.698900
AnimTime = 0.000000
Focus = 0.000000