[CameraInfo]
Name = Neon Trunk
IsAnim = 0
CarSlotID = 157
TurntableRot = 74.791496
FrontWheelRot = -16.000000
FoV = 20.000000
XEye = -0.400000
XLook = 4.491000
YEye = 0.958500
XRot = 0.000000
Zoom = -4.000000
YRot = 4.199100
AnimTime = 0.000000
Focus = 0.000000