[CameraInfo]
Name = Base Paint
IsAnim = 0
CarSlotID = 63
TurntableRot = 310.812103
FrontWheelRot = 16.000000
FoV = 32.000000
XEye = 0.200000
XLook = 4.481600
YEye = 1.049900
XRot = 0.200000
Zoom = -4.000000
YRot = 3.002600
AnimTime = 0.000000
Focus = 0.000000