[CameraInfo]
Name = Spoiler Paint
IsAnim = 0
CarSlotID = 69
TurntableRot = 121.674400
FrontWheelRot = 21.672300
FoV = 30.000000
XEye = 0.199500
XLook = 4.481600
YEye = 1.199900
XRot = 0.000000
Zoom = -4.000000
YRot = 1.605200
AnimTime = 0.000000
Focus = 0.000000