[CameraInfo]
Name = Animate Camera2
IsAnim = 1
CarSlotID = 1076895761
TurntableRot = 115.843597
FrontWheelRot = 33.000000
FoV = 20.000000
XEye = 0.099040
XLook = 4.000000
YEye = 1.158500
XRot = -0.201000
Zoom = -4.000000
YRot = 1.321600
AnimTime = 0.000000
Focus = 0.000000