[CameraInfo]
Name = Side Mirror
IsAnim = 0
CarSlotID = 32
TurntableRot = 254.626099
FrontWheelRot = -25.000000
FoV = 20.000000
XEye = -0.200800
XLook = 4.000000
YEye = 1.260000
XRot = 0.000000
Zoom = -4.000000
YRot = 2.099800
AnimTime = 0.000000
Focus = 0.000000