[CameraInfo]
Name = Front Wheel
IsAnim = 0
CarSlotID = 29
TurntableRot = 31.217501
FrontWheelRot = -24.000000
FoV = 26.000000
XEye = 0.165400
XLook = 4.607200
YEye = 1.140000
XRot = 0.000000
Zoom = -4.000000
YRot = 1.099200
AnimTime = 0.000000
Focus = 0.000000