[CameraInfo]
Name = Brake Paint
IsAnim = 0
CarSlotID = 70
TurntableRot = 322.760406
FrontWheelRot = 26.000000
FoV = 15.000000
XEye = 0.599700
XLook = 4.481600
YEye = 0.599400
XRot = -0.060200
Zoom = -4.000000
YRot = 1.299000
AnimTime = 0.000000
Focus = 0.000000