[CameraInfo]
Name = Right Door Decal
IsAnim = 0
CarSlotID = 56
TurntableRot = 325.343811
FrontWheelRot = 16.000000
FoV = 16.000000
XEye = -0.469800
XLook = 4.092000
YEye = 0.890000
XRot = 0.000000
Zoom = -4.000000
YRot = 1.200000
AnimTime = 0.000000
Focus = 0.000000