[CameraInfo]
Name = Animate Camera6
IsAnim = 1
CarSlotID = 1076895765
TurntableRot = 233.100906
FrontWheelRot = -35.000000
FoV = 20.000000
XEye = -0.100400
XLook = 4.000000
YEye = 0.998880
XRot = 0.199320
Zoom = -4.000000
YRot = 1.270000
AnimTime = 0.000000
Focus = 0.000000