[CameraInfo]
Name = Skirt
IsAnim = 0
CarSlotID = 11
TurntableRot = 315.000000
FrontWheelRot = 23.622101
FoV = 23.622101
XEye = -0.250000
XLook = 4.806000
YEye = 0.999300
XRot = -0.134400
Zoom = -4.000000
YRot = 1.669500
AnimTime = 0.000000
Focus = 0.000000