[CameraInfo]
Name = Front Window Decal
IsAnim = 0
CarSlotID = 53
TurntableRot = 264.263885
FrontWheelRot = 16.000000
FoV = 14.000000
XEye = 0.000000
XLook = 4.000000
YEye = 1.494500
XRot = 0.000000
Zoom = -4.000000
YRot = 2.799000
AnimTime = 0.000000
Focus = 0.000000