[CameraInfo]
Name = Front Bumper
IsAnim = 0
CarSlotID = 1
TurntableRot = 249.738998
FrontWheelRot = 21.672300
FoV = 24.000000
XEye = -0.336200
XLook = 4.481600
YEye = 0.970000
XRot = -0.060200
Zoom = -4.000000
YRot = 1.203300
AnimTime = 0.000000
Focus = 0.000000