[CameraInfo]
Name = Trunk Carbon Fibre
IsAnim = 0
CarSlotID = 96
TurntableRot = 90.000000
FrontWheelRot = 1.000000
FoV = 20.000000
XEye = 0.000000
XLook = 4.481600
YEye = 0.898600
XRot = -0.060200
Zoom = -4.000000
YRot = 6.028600
AnimTime = 0.000000
Focus = 0.000000