[CameraInfo]
Name = Kit Carbon Fibre
IsAnim = 0
CarSlotID = 93
TurntableRot = 239.333496
FrontWheelRot = -24.000000
FoV = 35.000000
XEye = -0.100100
XLook = 4.000000
YEye = 1.100000
XRot = 0.000000
Zoom = -4.000000
YRot = 1.399920
AnimTime = 0.000000
Focus = 0.000000