[CameraInfo]
Name = Animate Camera5
IsAnim = 1
CarSlotID = 1076895764
TurntableRot = 359.000000
FrontWheelRot = 25.000000
FoV = 33.000000
XEye = -0.100100
XLook = 4.000000
YEye = 1.838360
XRot = -0.200300
Zoom = -4.000000
YRot = 3.598100
AnimTime = 0.000000
Focus = 0.000000