[CameraInfo]
Name = Brakelight
IsAnim = 0
CarSlotID = 15
TurntableRot = 104.000000
FrontWheelRot = 21.672300
FoV = 26.500000
XEye = 0.250000
XLook = 4.450000
YEye = 1.059600
XRot = 0.000000
Zoom = -4.000000
YRot = 1.299800
AnimTime = 0.000000
Focus = 0.000000