[CameraInfo]
Name = Nos Purge
IsAnim = 0
CarSlotID = 162
TurntableRot = 295.427185
FrontWheelRot = 20.000000
FoV = 30.000000
XEye = 0.099760
XLook = 4.000000
YEye = 1.199920
XRot = 0.000000
Zoom = -4.000000
YRot = 1.200000
AnimTime = 0.000000
Focus = 0.000000