[CameraInfo]
Name = Roof
IsAnim = 0
CarSlotID = 7
TurntableRot = 299.969604
FrontWheelRot = 21.672300
FoV = 20.000000
XEye = -0.134300
XLook = 4.073500
YEye = 1.629500
XRot = -0.100000
Zoom = -4.000000
YRot = 3.624100
AnimTime = 0.000000
Focus = 0.000000