[CameraInfo]
Name = Vinyl Layer0
IsAnim = 0
CarSlotID = 64
TurntableRot = 0.000000
FrontWheelRot = 16.000000
FoV = 35.000000
XEye = -0.070000
XLook = 4.000000
YEye = 1.200000
XRot = 0.000000
Zoom = -4.000000
YRot = 1.200000
AnimTime = 0.000000
Focus = 0.000000