[CameraInfo]
Name = Door Carbon Fibre
IsAnim = 0
CarSlotID = 95
TurntableRot = 0.000000
FrontWheelRot = 16.000000
FoV = 37.000000
XEye = -0.100100
XLook = 4.000000
YEye = 1.000000
XRot = 0.000000
Zoom = -4.000000
YRot = 1.200000
AnimTime = 0.000000
Focus = 0.000000