[CameraInfo]
Name = Left Quarter Decal
IsAnim = 0
CarSlotID = 57
TurntableRot = 209.617599
FrontWheelRot = 10.000000
FoV = 15.000000
XEye = 1.330300
XLook = 4.646000
YEye = 1.100000
XRot = 0.099960
Zoom = -4.000000
YRot = 1.200000
AnimTime = 0.000000
Focus = 0.000000