[CameraInfo]
Name = Door Style
IsAnim = 0
CarSlotID = 160
TurntableRot = 247.978104
FrontWheelRot = 20.000000
FoV = 32.000000
XEye = 0.029900
XLook = 4.000000
YEye = 1.299800
XRot = 0.000000
Zoom = -4.000000
YRot = 1.200000
AnimTime = 0.000000
Focus = 0.000000