[CameraInfo]
Name = Engine
IsAnim = 0
CarSlotID = 13
TurntableRot = 254.810699
FrontWheelRot = 22.000000
FoV = 21.000000
XEye = -0.196200
XLook = 4.161000
YEye = 1.221700
XRot = 0.000000
Zoom = -4.000000
YRot = 3.099500
AnimTime = 0.000000
Focus = 0.000000