[CameraInfo]
Name = Headlight
IsAnim = 0
CarSlotID = 14
TurntableRot = 262.946289
FrontWheelRot = -15.000000
FoV = 25.000000
XEye = -0.096000
XLook = 4.161000
YEye = 0.949900
XRot = 0.000000
Zoom = -4.000000
YRot = 1.200000
AnimTime = 0.000000
Focus = 0.000000