[CameraInfo]
Name = Neon
IsAnim = 0
CarSlotID = 154
TurntableRot = 295.151093
FrontWheelRot = 25.000000
FoV = 35.000000
XEye = 0.075000
XLook = 4.491000
YEye = 1.258840
XRot = 0.000000
Zoom = -4.000000
YRot = 1.200000
AnimTime = 0.000000
Focus = 0.000000