[CameraInfo]
Name = Hydraulics
IsAnim = 0
CarSlotID = 161
TurntableRot = 305.772888
FrontWheelRot = 0.000000
FoV = 37.000000
XEye = 0.029900
XLook = 4.000000
YEye = 1.499600
XRot = 0.000000
Zoom = -4.000000
YRot = 1.399700
AnimTime = 0.000000
Focus = 0.000000