[CameraInfo]
Name = Hood Decal
IsAnim = 0
CarSlotID = 52
TurntableRot = 259.852386
FrontWheelRot = -20.000000
FoV = 22.000000
XEye = -0.100000
XLook = 4.184000
YEye = 1.099600
XRot = 0.000000
Zoom = -4.000000
YRot = 5.398500
AnimTime = 0.000000
Focus = 0.000000