[CameraInfo]
Name = Rear Bumper
IsAnim = 0
CarSlotID = 2
TurntableRot = 73.932602
FrontWheelRot = 21.672300
FoV = 34.000000
XEye = -0.367100
XLook = 4.481600
YEye = 1.398500
XRot = -0.060200
Zoom = -4.000000
YRot = 1.230000
AnimTime = 0.000000
Focus = 0.000000