[CameraInfo]
Name = Animate Camera2
IsAnim = 1
CarSlotID = 1076895761
TurntableRot = 66.524139
FrontWheelRot = -33.000000
FoV = 25.000000
XEye = -0.301160
XLook = 4.000000
YEye = 1.458200
XRot = -0.201000
Zoom = -4.000000
YRot = 1.319920
AnimTime = 0.000000
Focus = 0.000000