[CameraInfo]
Name = Animate Camera1
IsAnim = 1
CarSlotID = 1076895760
TurntableRot = 125.288498
FrontWheelRot = 26.000000
FoV = 35.000000
XEye = 0.199760
XLook = 4.000000
YEye = 1.659500
XRot = -0.300100
Zoom = -4.000000
YRot = 1.270000
AnimTime = 0.000000
Focus = 0.000000