[CameraInfo]
Name = Front Window Decal
IsAnim = 0
CarSlotID = 53
TurntableRot = 264.263885
FrontWheelRot = 16.000000
FoV = 19.000000
XEye = -0.100000
XLook = 4.000000
YEye = 1.694400
XRot = 0.000000
Zoom = -4.000000
YRot = 2.799000
AnimTime = 0.000000
Focus = 0.000000