[CameraInfo]
Name = Spoiler
IsAnim = 0
CarSlotID = 12
TurntableRot = 121.674400
FrontWheelRot = 24.672300
FoV = 38.000000
XEye = 0.399100
XLook = 4.481600
YEye = 1.599600
XRot = 0.000000
Zoom = -4.000000
YRot = 1.605200
AnimTime = 0.000000
Focus = 0.000000