[CameraInfo]
Name = Rim Paint
IsAnim = 0
CarSlotID = 73
TurntableRot = 31.217501
FrontWheelRot = -24.000000
FoV = 33.000000
XEye = -0.034700
XLook = 4.607200
YEye = 1.339800
XRot = 0.000000
Zoom = -4.000000
YRot = 1.099200
AnimTime = 0.000000
Focus = 0.000000