[CameraInfo]
Name = Wide Body
IsAnim = 0
CarSlotID = 6
TurntableRot = 296.565186
FrontWheelRot = 21.672300
FoV = 37.000000
XEye = 0.100000
XLook = 4.607200
YEye = 1.379600
XRot = -0.060200
Zoom = -4.000000
YRot = 2.405900
AnimTime = 0.000000
Focus = 0.000000