[CameraInfo]
Name = Audio
IsAnim = 0
CarSlotID = 34
TurntableRot = 90.000000
FrontWheelRot = 1.000000
FoV = 25.000000
XEye = 0.000000
XLook = 4.481600
YEye = 1.198300
XRot = -0.060200
Zoom = -4.000000
YRot = 2.027400
AnimTime = 0.000000
Focus = 0.000000