[CameraInfo]
Name = Headlight Bulb
IsAnim = 0
CarSlotID = 159
TurntableRot = 262.946289
FrontWheelRot = 24.000000
FoV = 31.000000
XEye = -0.096000
XLook = 4.161000
YEye = 1.349800
XRot = 0.000000
Zoom = -4.000000
YRot = 1.200000
AnimTime = 0.000000
Focus = 0.000000