[CameraInfo]
Name = Animate Camera4
IsAnim = 1
CarSlotID = 1076895763
TurntableRot = 248.891495
FrontWheelRot = -30.000000
FoV = 23.000000
XEye = -0.300400
XLook = 4.000000
YEye = 1.298840
XRot = -0.400700
Zoom = -4.000000
YRot = 1.270000
AnimTime = 0.000000
Focus = 0.000000