[CameraInfo]
Name = Left Door Decal
IsAnim = 0
CarSlotID = 55
TurntableRot = 149.382401
FrontWheelRot = -24.000000
FoV = 17.000000
XEye = -0.669300
XLook = 4.092000
YEye = 1.089960
XRot = 0.000000
Zoom = -4.000000
YRot = 1.200000
AnimTime = 0.000000
Focus = 0.000000