[CameraInfo]
Name = Exhaust
IsAnim = 0
CarSlotID = 16
TurntableRot = 97.254097
FrontWheelRot = 16.000000
FoV = 34.000000
XEye = 0.000000
XLook = 4.607200
YEye = 1.449700
XRot = 0.000000
Zoom = -4.000000
YRot = 1.299200
AnimTime = 0.000000
Focus = 0.000000