[CameraInfo]
Name = Engine Paint
IsAnim = 0
CarSlotID = 68
TurntableRot = 254.810699
FrontWheelRot = -22.000000
FoV = 25.000000
XEye = -0.296200
XLook = 4.161000
YEye = 1.221700
XRot = 0.000000
Zoom = -4.000000
YRot = 3.699200
AnimTime = 0.000000
Focus = 0.000000