[CameraInfo]
Name = Rear Window Decal
IsAnim = 0
CarSlotID = 54
TurntableRot = 83.517403
FrontWheelRot = -16.000000
FoV = 20.000000
XEye = -0.230000
XLook = 4.731000
YEye = 1.399800
XRot = 0.000000
Zoom = -4.000000
YRot = 3.199400
AnimTime = 0.000000
Focus = 0.000000