[CameraInfo]
Name = Trunk Carbon Fibre
IsAnim = 0
CarSlotID = 96
TurntableRot = 74.791496
FrontWheelRot = -16.000000
FoV = 26.000000
XEye = -0.400300
XLook = 4.491000
YEye = 1.258300
XRot = 0.000000
Zoom = -4.000000
YRot = 2.298400
AnimTime = 0.000000
Focus = 0.000000