[CameraInfo]
Name = Animate Camera7
IsAnim = 1
CarSlotID = 1076895766
TurntableRot = 307.000000
FrontWheelRot = 20.000000
FoV = 36.000000
XEye = 0.099960
XLook = 4.000000
YEye = 1.599900
XRot = 0.000000
Zoom = -4.000000
YRot = 1.270000
AnimTime = 0.000000
Focus = 0.000000