[CameraInfo]
Name = Neon Cabin
IsAnim = 0
CarSlotID = 156
TurntableRot = 295.151093
FrontWheelRot = 16.000000
FoV = 30.000000
XEye = 0.000000
XLook = 4.491000
YEye = 0.959000
XRot = 0.000000
Zoom = -4.000000
YRot = 1.200000
AnimTime = 0.000000
Focus = 0.000000