[CameraInfo]
Name = Brakelight
IsAnim = 0
CarSlotID = 15
TurntableRot = 104.000000
FrontWheelRot = 24.672300
FoV = 34.000000
XEye = 0.250000
XLook = 4.450000
YEye = 1.459400
XRot = 0.000000
Zoom = -4.000000
YRot = 1.299800
AnimTime = 0.000000
Focus = 0.000000