[CameraInfo]
Name = Animate Camera3
IsAnim = 1
CarSlotID = 1076895762
TurntableRot = 63.848801
FrontWheelRot = -30.000000
FoV = 35.000000
XEye = -0.000400
XLook = 4.000000
YEye = 1.699400
XRot = 0.000000
Zoom = -4.000000
YRot = 3.168800
AnimTime = 0.000000
Focus = 0.000000