[CameraInfo]
Name = Window Tint
IsAnim = 0
CarSlotID = 153
TurntableRot = 55.415901
FrontWheelRot = 16.000000
FoV = 38.000000
XEye = -0.210000
XLook = 4.277000
YEye = 1.445000
XRot = 0.000000
Zoom = -4.000000
YRot = 2.399700
AnimTime = 0.000000
Focus = 0.000000