[CameraInfo]
Name = Hood
IsAnim = 0
CarSlotID = 9
TurntableRot = 244.553696
FrontWheelRot = 21.672300
FoV = 38.000000
XEye = -0.334200
XLook = 4.607200
YEye = 1.419700
XRot = -0.134400
Zoom = -4.000000
YRot = 2.805400
AnimTime = 0.000000
Focus = 0.000000