[CameraInfo]
Name = Engine
IsAnim = 0
CarSlotID = 13
TurntableRot = 199.572098
FrontWheelRot = -22.000000
FoV = 15.000000
XEye = -1.334800
XLook = 4.607200
YEye = 1.550000
XRot = -0.134400
Zoom = -4.000000
YRot = 5.000000
AnimTime = 0.000000
Focus = 0.000000